0.7773437500000007 0.01659497487437186
2.3503937007874036 0.016592964824120603
6.3174603174603225 0.01696884422110553
12.838709677419347 0.017447236180904522
17.127049180327866 0.017533668341708542
24.875000000000004 0.018090452261306532
30.35593220338984 0.018263316582914572
36.88362068965519 0.018536683417085427
43.640350877192986 0.018789949748743713
51.5267857142857 0.019135678391959798
53.78378378378377 0.019076381909547743
57.890909090909076 0.01923618090452261
62.303738317756995 0.018711557788944726
65.41203703703702 0.019429145728643217
73.21698113207546 0.01960201005025126
95.55940594059406 0.020098492462311556
102.51515151515149 0.01999899497487437
109.86458333333336 0.019489447236180905
111.80927835051547 0.020082412060301508
129.7826086956522 0.01960201005025126
169.73529411764702 0.019648241206030148
189.40963855421685 0.020103517587939698
205.21875 0.01969849246231156
218.1346153846154 0.019519597989949754
256.81756756756755 0.01970854271356784
338.3 0.018683417085427135
425.44827586206895 0.01783718592964824
532.6176470588236 0.0166070351758794
605.4680851063831 0.01572964824120603
742.6097560975611 0.014298492462311557
898.2638888888889 0.013061306532663316
1010.0757575757576 0.01220502512562814
1144.25 0.011306532663316582
1254.4107142857142 0.010721608040201006
1444.74 0.009748743718592965
1446.51593625498 0.009838190954773871
1536.629707112971 0.009439899497487438
1628.657894736842 0.009074170854271356
1708.7648401826486 0.00876
1823.2053140096618 0.008321608040201005
1915.5000000000002 0.008060000000000001
2038.691489361702 0.007633366834170855
2120.1153846153848 0.0074263316582914565
2162.874301675978 0.0073219095477386935
2162.874301675978 0.0073219095477386935
